lon[deg] lat[deg] afterslip[m]
-72.8000000000000	-32.7000000000000	0.00709177832640957
-72.8000000000000	-32.6000000000000	0.0112712683385628
-72.8000000000000	-32.5000000000000	0.0106562925469088
-72.7000000000000	-32.7000000000000	0.0132561909367532
-72.7000000000000	-32.6000000000000	0.0227135776604104
-72.7000000000000	-32.5000000000000	0.0274267081362148
-72.7000000000000	-32.4000000000000	0.0279946612712450
-72.7000000000000	-32.3000000000000	0.0304355205622735
-72.7000000000000	-32.2000000000000	0.0331300818014024
-72.7000000000000	-32.1000000000000	0.0349233861710073
-72.7000000000000	-32	0.0346473949143938
-72.7000000000000	-31.9000000000000	0.0309640793545597
-72.7000000000000	-31.8000000000000	0.0215084132598170
-72.7000000000000	-31.7000000000000	0.0229063186426820
-72.7000000000000	-31.6000000000000	0.0243042240255471
-72.7000000000000	-31.5000000000000	0.0257021294084121
-72.7000000000000	-31.4000000000000	0.0271000347912772
-72.6000000000000	-32.7000000000000	0.0179883566255586
-72.6000000000000	-32.6000000000000	0.0316966244290323
-72.6000000000000	-32.5000000000000	0.0408207676155119
-72.6000000000000	-32.4000000000000	0.0471467198582249
-72.6000000000000	-32.3000000000000	0.0534342692179365
-72.6000000000000	-32.2000000000000	0.0595329650579729
-72.6000000000000	-32.1000000000000	0.0639100378632713
-72.6000000000000	-32	0.0646736586317736
-72.6000000000000	-31.9000000000000	0.0602986772376274
-72.6000000000000	-31.8000000000000	0.0495724504859433
-72.6000000000000	-31.7000000000000	0.0323359288566630
-72.6000000000000	-31.6000000000000	0.0172198153615342
-72.6000000000000	-31.5000000000000	0.00274959659421203
-72.6000000000000	-31.4000000000000	0.0136500972235211
-72.6000000000000	-31.3000000000000	0.0257150669240190
-72.6000000000000	-31.2000000000000	0.0340768364796850
-72.6000000000000	-31.1000000000000	0.0390761550588201
-72.6000000000000	-31	0.0419467251718235
-72.6000000000000	-30.9000000000000	0.0438928749590251
-72.6000000000000	-30.8000000000000	0.0456881238568017
-72.6000000000000	-30.7000000000000	0.0478154282184305
-72.6000000000000	-30.6000000000000	0.0509059249607403
-72.6000000000000	-30.5000000000000	0.0553151051549201
-72.6000000000000	-30.4000000000000	0.0595266086266449
-72.6000000000000	-30.3000000000000	0.0589671414324958
-72.6000000000000	-30.2000000000000	0.0449416824185108
-72.5000000000000	-32.7000000000000	0.0203627527365352
-72.5000000000000	-32.6000000000000	0.0357582881775767
-72.5000000000000	-32.5000000000000	0.0465133821414445
-72.5000000000000	-32.4000000000000	0.0554117699242474
-72.5000000000000	-32.3000000000000	0.0649533677854491
-72.5000000000000	-32.2000000000000	0.0749701563895799
-72.5000000000000	-32.1000000000000	0.0830062198756772
-72.5000000000000	-32	0.0861899790238495
-72.5000000000000	-31.9000000000000	0.0830102351191226
-72.5000000000000	-31.8000000000000	0.0729183849459813
-72.5000000000000	-31.7000000000000	0.0548028230968920
-72.5000000000000	-31.6000000000000	0.0305317431008427
-72.5000000000000	-31.5000000000000	0.00290279049892420
-72.5000000000000	-31.4000000000000	0.0256102820041948
-72.5000000000000	-31.3000000000000	0.0478158761828331
-72.5000000000000	-31.2000000000000	0.0623279746259385
-72.5000000000000	-31.1000000000000	0.0702127232174040
-72.5000000000000	-31	0.0742033563682053
-72.5000000000000	-30.9000000000000	0.0766808977279213
-72.5000000000000	-30.8000000000000	0.0790065104225888
-72.5000000000000	-30.7000000000000	0.0820138053364916
-72.5000000000000	-30.6000000000000	0.0871252788658955
-72.5000000000000	-30.5000000000000	0.0956349873464436
-72.5000000000000	-30.4000000000000	0.105652362024779
-72.5000000000000	-30.3000000000000	0.110921124493131
-72.5000000000000	-30.2000000000000	0.102735237342542
-72.5000000000000	-30.1000000000000	0.0748231871360923
-72.5000000000000	-30	0.0427283993209968
-72.4000000000000	-32.7000000000000	0.0196091844596082
-72.4000000000000	-32.6000000000000	0.0331492618649821
-72.4000000000000	-32.5000000000000	0.0418898408614688
-72.4000000000000	-32.4000000000000	0.0503872453290763
-72.4000000000000	-32.3000000000000	0.0622955558612202
-72.4000000000000	-32.2000000000000	0.0770021445872982
-72.4000000000000	-32.1000000000000	0.0901170997669903
-72.4000000000000	-32	0.0969978343248040
-72.4000000000000	-31.9000000000000	0.0961408131064013
-72.4000000000000	-31.8000000000000	0.0885456235909901
-72.4000000000000	-31.7000000000000	0.0705076802830552
-72.4000000000000	-31.6000000000000	0.0404091824683414
-72.4000000000000	-31.5000000000000	0.00235195157457396
-72.4000000000000	-31.4000000000000	0.0357908193168630
-72.4000000000000	-31.3000000000000	0.0650574154733702
-72.4000000000000	-31.2000000000000	0.0821970627634870
-72.4000000000000	-31.1000000000000	0.0898617477553731
-72.4000000000000	-31	0.0928583575586192
-72.4000000000000	-30.9000000000000	0.0944503747041806
-72.4000000000000	-30.8000000000000	0.0962478442243405
-72.4000000000000	-30.7000000000000	0.0992512501444492
-72.4000000000000	-30.6000000000000	0.105707616873767
-72.4000000000000	-30.5000000000000	0.118108624819071
-72.4000000000000	-30.4000000000000	0.134479217381290
-72.4000000000000	-30.3000000000000	0.147325202837663
-72.4000000000000	-30.2000000000000	0.146886320920406
-72.4000000000000	-30.1000000000000	0.123557364087962
-72.4000000000000	-30	0.0738568575193248
-72.3000000000000	-32.7000000000000	0.0155049381405525
-72.3000000000000	-32.6000000000000	0.0231779375118030
-72.3000000000000	-32.5000000000000	0.0257307271924017
-72.3000000000000	-32.4000000000000	0.0315150522101947
-72.3000000000000	-32.3000000000000	0.0473139883053166
-72.3000000000000	-32.2000000000000	0.0686526319173230
-72.3000000000000	-32.1000000000000	0.0876596820811624
-72.3000000000000	-32	0.0986373091569398
-72.3000000000000	-31.9000000000000	0.0999976950134353
-72.3000000000000	-31.8000000000000	0.0965555120951432
-72.3000000000000	-31.7000000000000	0.0809451955474457
-72.3000000000000	-31.6000000000000	0.0474679613377365
-72.3000000000000	-31.5000000000000	0.00143519489572901
-72.3000000000000	-31.4000000000000	0.0446158411177832
-72.3000000000000	-31.3000000000000	0.0777092877533402
-72.3000000000000	-31.2000000000000	0.0937847805206283
-72.3000000000000	-31.1000000000000	0.0999447704315715
-72.3000000000000	-31	0.102953187701767
-72.3000000000000	-30.9000000000000	0.104308706083150
-72.3000000000000	-30.8000000000000	0.105578561356279
-72.3000000000000	-30.7000000000000	0.108966785579602
-72.3000000000000	-30.6000000000000	0.117619025530049
-72.3000000000000	-30.5000000000000	0.134202369608101
-72.3000000000000	-30.4000000000000	0.155747565725311
-72.3000000000000	-30.3000000000000	0.173482321504406
-72.3000000000000	-30.2000000000000	0.177589167263495
-72.3000000000000	-30.1000000000000	0.156009548222995
-72.3000000000000	-30	0.0956041341865858
-72.2000000000000	-32.7000000000000	0.00848633672869052
-72.2000000000000	-32.6000000000000	0.00659854617233101
-72.2000000000000	-32.5000000000000	0.00596700402790556
-72.2000000000000	-32.4000000000000	0.0270052676730609
-72.2000000000000	-32.3000000000000	0.0547873813838204
-72.2000000000000	-32.2000000000000	0.0794663499068757
-72.2000000000000	-32.1000000000000	0.0950401331378860
-72.2000000000000	-32	0.101582746235054
-72.2000000000000	-31.9000000000000	0.100681200978340
-72.2000000000000	-31.8000000000000	0.0995434709198182
-72.2000000000000	-31.7000000000000	0.0874901341826985
-72.2000000000000	-31.6000000000000	0.0517415441732868
-72.2000000000000	-31.5000000000000	0.00117404924118608
-72.2000000000000	-31.4000000000000	0.0533176784235646
-72.2000000000000	-31.3000000000000	0.0874908596743999
-72.2000000000000	-31.2000000000000	0.103602630766793
-72.2000000000000	-31.1000000000000	0.119150159730199
-72.2000000000000	-31	0.132288449010252
-72.2000000000000	-30.9000000000000	0.135700618765948
-72.2000000000000	-30.8000000000000	0.133422514923253
-72.2000000000000	-30.7000000000000	0.133981202194444
-72.2000000000000	-30.6000000000000	0.143212202352587
-72.2000000000000	-30.5000000000000	0.162058696449351
-72.2000000000000	-30.4000000000000	0.185207418612455
-72.2000000000000	-30.3000000000000	0.203277851639524
-72.2000000000000	-30.2000000000000	0.206022688110090
-72.2000000000000	-30.1000000000000	0.182182599814845
-72.2000000000000	-30	0.113035014049372
-72.1000000000000	-32.7000000000000	0.000870895584898171
-72.1000000000000	-32.6000000000000	0.0145719556289443
-72.1000000000000	-32.5000000000000	0.0417884055606951
-72.1000000000000	-32.4000000000000	0.0814858852132740
-72.1000000000000	-32.3000000000000	0.123078012767484
-72.1000000000000	-32.2000000000000	0.149757157675336
-72.1000000000000	-32.1000000000000	0.151322214003356
-72.1000000000000	-32	0.133916891711835
-72.1000000000000	-31.9000000000000	0.113031255016279
-72.1000000000000	-31.8000000000000	0.100838601165151
-72.1000000000000	-31.7000000000000	0.0895320519111389
-72.1000000000000	-31.6000000000000	0.0511221797674928
-72.1000000000000	-31.5000000000000	0.00701391751665623
-72.1000000000000	-31.4000000000000	0.0629264291125081
-72.1000000000000	-31.3000000000000	0.100821500613281
-72.1000000000000	-31.2000000000000	0.138247077151057
-72.1000000000000	-31.1000000000000	0.186465235102057
-72.1000000000000	-31	0.217190497213607
-72.1000000000000	-30.9000000000000	0.219532512089794
-72.1000000000000	-30.8000000000000	0.204587714198166
-72.1000000000000	-30.7000000000000	0.190428570866899
-72.1000000000000	-30.6000000000000	0.189614742928721
-72.1000000000000	-30.5000000000000	0.203623162328756
-72.1000000000000	-30.4000000000000	0.224722761434449
-72.1000000000000	-30.3000000000000	0.241108374392867
-72.1000000000000	-30.2000000000000	0.239593551378836
-72.1000000000000	-30.1000000000000	0.209432598299130
-72.1000000000000	-30	0.130709432049759
-72	-32.7000000000000	0.0112687684126773
-72	-32.6000000000000	0.0393023480935712
-72	-32.5000000000000	0.0901592341359458
-72	-32.4000000000000	0.157560933254920
-72	-32.3000000000000	0.222590379695883
-72	-32.2000000000000	0.261761203908817
-72	-32.1000000000000	0.258002398060942
-72	-32	0.217072495102859
-72	-31.9000000000000	0.161420402735778
-72	-31.8000000000000	0.114985896378706
-72	-31.7000000000000	0.0828665362627196
-72	-31.6000000000000	0.0395831348486002
-72	-31.5000000000000	0.0186856232786860
-72	-31.4000000000000	0.0769656237536552
-72	-31.3000000000000	0.143750720268531
-72	-31.2000000000000	0.229893935330564
-72	-31.1000000000000	0.311368305531523
-72	-31	0.351569617523632
-72	-30.9000000000000	0.343944808064059
-72	-30.8000000000000	0.307739259126667
-72	-30.7000000000000	0.270127209989901
-72	-30.6000000000000	0.251858159875844
-72	-30.5000000000000	0.254467424098639
-72	-30.4000000000000	0.268441284001210
-72	-30.3000000000000	0.282288262365137
-72	-30.2000000000000	0.278852705766674
-72	-30.1000000000000	0.240525587393741
-72	-30	0.150878160554214
-71.9000000000000	-32.7000000000000	0.0279720851462696
-71.9000000000000	-32.6000000000000	0.0717267258125582
-71.9000000000000	-32.5000000000000	0.143136565064562
-71.9000000000000	-32.4000000000000	0.234390713470325
-71.9000000000000	-32.3000000000000	0.320638668515672
-71.9000000000000	-32.2000000000000	0.375942766093369
-71.9000000000000	-32.1000000000000	0.377732328349993
-71.9000000000000	-32	0.330173870789948
-71.9000000000000	-31.9000000000000	0.255033553311476
-71.9000000000000	-31.8000000000000	0.173902841510336
-71.9000000000000	-31.7000000000000	0.102675255886828
-71.9000000000000	-31.6000000000000	0.0535810857059623
-71.9000000000000	-31.5000000000000	0.0657268374197804
-71.9000000000000	-31.4000000000000	0.131722019772607
-71.9000000000000	-31.3000000000000	0.237822732467545
-71.9000000000000	-31.2000000000000	0.361860706005574
-71.9000000000000	-31.1000000000000	0.458345525225446
-71.9000000000000	-31	0.491429115765476
-71.9000000000000	-30.9000000000000	0.459749033206982
-71.9000000000000	-30.8000000000000	0.392097345383341
-71.9000000000000	-30.7000000000000	0.326707627127536
-71.9000000000000	-30.6000000000000	0.297099176218931
-71.9000000000000	-30.5000000000000	0.294996533129938
-71.9000000000000	-30.4000000000000	0.303586761370987
-71.9000000000000	-30.3000000000000	0.315669563234187
-71.9000000000000	-30.2000000000000	0.313808766871397
-71.9000000000000	-30.1000000000000	0.271798507204176
-71.9000000000000	-30	0.170065115254388
-71.8000000000000	-32.7000000000000	0.0466656162837204
-71.8000000000000	-32.6000000000000	0.100554871801240
-71.8000000000000	-32.5000000000000	0.180563815492165
-71.8000000000000	-32.4000000000000	0.282257397144634
-71.8000000000000	-32.3000000000000	0.377730153079221
-71.8000000000000	-32.2000000000000	0.440343529379434
-71.8000000000000	-32.1000000000000	0.452822679453045
-71.8000000000000	-32	0.418404258133910
-71.8000000000000	-31.9000000000000	0.356234689736811
-71.8000000000000	-31.8000000000000	0.280307566743531
-71.8000000000000	-31.7000000000000	0.207418270189762
-71.8000000000000	-31.6000000000000	0.161249829275564
-71.8000000000000	-31.5000000000000	0.162219895600702
-71.8000000000000	-31.4000000000000	0.219967974079339
-71.8000000000000	-31.3000000000000	0.336491920554047
-71.8000000000000	-31.2000000000000	0.470286442867538
-71.8000000000000	-31.1000000000000	0.563471176709289
-71.8000000000000	-31	0.575675625164290
-71.8000000000000	-30.9000000000000	0.503762312787734
-71.8000000000000	-30.8000000000000	0.391053445645243
-71.8000000000000	-30.7000000000000	0.292879295279620
-71.8000000000000	-30.6000000000000	0.270237719879250
-71.8000000000000	-30.5000000000000	0.284295170403460
-71.8000000000000	-30.4000000000000	0.302434922925633
-71.8000000000000	-30.3000000000000	0.322555051925873
-71.8000000000000	-30.2000000000000	0.327031502908003
-71.8000000000000	-30.1000000000000	0.288090913754923
-71.8000000000000	-30	0.180553356822317
-71.7000000000000	-32.7000000000000	0.0462834408260455
-71.7000000000000	-32.6000000000000	0.0915305413168306
-71.7000000000000	-32.5000000000000	0.168235825170371
-71.7000000000000	-32.4000000000000	0.262807115819940
-71.7000000000000	-32.3000000000000	0.350758901873861
-71.7000000000000	-32.2000000000000	0.408533751099751
-71.7000000000000	-32.1000000000000	0.426611854343602
-71.7000000000000	-32	0.416087385797309
-71.7000000000000	-31.9000000000000	0.391308538810165
-71.7000000000000	-31.8000000000000	0.349005850266214
-71.7000000000000	-31.7000000000000	0.290973672470274
-71.7000000000000	-31.6000000000000	0.234699035937611
-71.7000000000000	-31.5000000000000	0.204885799597241
-71.7000000000000	-31.4000000000000	0.239392369038690
-71.7000000000000	-31.3000000000000	0.354234915566599
-71.7000000000000	-31.2000000000000	0.485664195844238
-71.7000000000000	-31.1000000000000	0.569981704084647
-71.7000000000000	-31	0.562665592442004
-71.7000000000000	-30.9000000000000	0.455779461740558
-71.7000000000000	-30.8000000000000	0.300621093653884
-71.7000000000000	-30.7000000000000	0.168883437819424
-71.7000000000000	-30.6000000000000	0.160081456857085
-71.7000000000000	-30.5000000000000	0.196780707493667
-71.7000000000000	-30.4000000000000	0.234548882141010
-71.7000000000000	-30.3000000000000	0.275624791275307
-71.7000000000000	-30.2000000000000	0.299111712375906
-71.7000000000000	-30.1000000000000	0.275109859073748
-71.7000000000000	-30	0.176618487504601
-71.6000000000000	-32.7000000000000	0.0327417677722993
-71.6000000000000	-32.6000000000000	0.0396468202258369
-71.6000000000000	-32.5000000000000	0.113283576641740
-71.6000000000000	-32.4000000000000	0.184454655054687
-71.6000000000000	-32.3000000000000	0.243273078903029
-71.6000000000000	-32.2000000000000	0.281604605373810
-71.6000000000000	-32.1000000000000	0.298938371764393
-71.6000000000000	-32	0.310331869095511
-71.6000000000000	-31.9000000000000	0.322784103173364
-71.6000000000000	-31.8000000000000	0.314811117075450
-71.6000000000000	-31.7000000000000	0.266725706982527
-71.6000000000000	-31.6000000000000	0.192035307815204
-71.6000000000000	-31.5000000000000	0.125609208161698
-71.6000000000000	-31.4000000000000	0.134775036053354
-71.6000000000000	-31.3000000000000	0.249027135494067
-71.6000000000000	-31.2000000000000	0.379064778094803
-71.6000000000000	-31.1000000000000	0.467462835022851
-71.6000000000000	-31	0.465030564580509
-71.6000000000000	-30.9000000000000	0.363205146776306
-71.6000000000000	-30.8000000000000	0.207393265871303
-71.6000000000000	-30.7000000000000	0.0722241764286833
-71.6000000000000	-30.6000000000000	0.0378983353197627
-71.6000000000000	-30.5000000000000	0.0699207797065611
-71.6000000000000	-30.4000000000000	0.112016535709272
-71.6000000000000	-30.3000000000000	0.167925301956704
-71.6000000000000	-30.2000000000000	0.220513232343031
-71.6000000000000	-30.1000000000000	0.228377469992615
-71.6000000000000	-30	0.156491395480585
-71.5000000000000	-32.7000000000000	0.0364338713264244
-71.5000000000000	-32.6000000000000	0.0147187783118602
-71.5000000000000	-32.5000000000000	0.0890896242659226
-71.5000000000000	-32.4000000000000	0.123717536229601
-71.5000000000000	-32.3000000000000	0.138368015920470
-71.5000000000000	-32.2000000000000	0.142088517967601
-71.5000000000000	-32.1000000000000	0.145750079270513
-71.5000000000000	-32	0.162900745199321
-71.5000000000000	-31.9000000000000	0.191360876208083
-71.5000000000000	-31.8000000000000	0.203483668567931
-71.5000000000000	-31.7000000000000	0.169109333495759
-71.5000000000000	-31.6000000000000	0.114221118854559
-71.5000000000000	-31.5000000000000	0.0421894202234581
-71.5000000000000	-31.4000000000000	0.0600587090422403
-71.5000000000000	-31.3000000000000	0.120527906103051
-71.5000000000000	-31.2000000000000	0.215921621162019
-71.5000000000000	-31.1000000000000	0.311703242400096
-71.5000000000000	-31	0.335871827025349
-71.5000000000000	-30.9000000000000	0.276893392880723
-71.5000000000000	-30.8000000000000	0.167028846920869
-71.5000000000000	-30.7000000000000	0.0821740612377891
-71.5000000000000	-30.6000000000000	0.0452871978947667
-71.5000000000000	-30.5000000000000	0.0366263278490658
-71.5000000000000	-30.4000000000000	0.0355078040805987
-71.5000000000000	-30.3000000000000	0.0621004776314779
-71.5000000000000	-30.2000000000000	0.127295930486811
-71.5000000000000	-30.1000000000000	0.163005028394243
-71.5000000000000	-30	0.122922740694882
-71.4000000000000	-32.7000000000000	0.0511769790664818
-71.4000000000000	-32.6000000000000	0.00583423754805857
-71.4000000000000	-32.5000000000000	0.0727826404532705
-71.4000000000000	-32.4000000000000	0.100548338092737
-71.4000000000000	-32.3000000000000	0.103569209116070
-71.4000000000000	-32.2000000000000	0.0971385701752159
-71.4000000000000	-32.1000000000000	0.0810752187202691
-71.4000000000000	-32	0.0615310116589853
-71.4000000000000	-31.9000000000000	0.0695176575768635
-71.4000000000000	-31.8000000000000	0.0953490967221673
-71.4000000000000	-31.7000000000000	0.0962828179339873
-71.4000000000000	-31.6000000000000	0.0709009595985680
-71.4000000000000	-31.5000000000000	0.00277576230937196
-71.4000000000000	-31.4000000000000	0.0797583569334522
-71.4000000000000	-31.3000000000000	0.0999640807336982
-71.4000000000000	-31.2000000000000	0.120131061675893
-71.4000000000000	-31.1000000000000	0.175199222329849
-71.4000000000000	-31	0.218465378989993
-71.4000000000000	-30.9000000000000	0.212336447206972
-71.4000000000000	-30.8000000000000	0.159110912154605
-71.4000000000000	-30.7000000000000	0.108637363400588
-71.4000000000000	-30.6000000000000	0.0879933407900878
-71.4000000000000	-30.5000000000000	0.0841695456709422
-71.4000000000000	-30.4000000000000	0.0727779885677125
-71.4000000000000	-30.3000000000000	0.0459590239067219
-71.4000000000000	-30.2000000000000	0.0680329490048858
-71.4000000000000	-30.1000000000000	0.103762068893209
-71.4000000000000	-30	0.0837670034077537
-71.3000000000000	-32.7000000000000	0.0758459914813548
-71.3000000000000	-32.6000000000000	0.0463660413535312
-71.3000000000000	-32.5000000000000	0.0368873668082543
-71.3000000000000	-32.4000000000000	0.0931230199455438
-71.3000000000000	-32.3000000000000	0.0999546032036656
-71.3000000000000	-32.2000000000000	0.0999745638611496
-71.3000000000000	-32.1000000000000	0.0968871276372424
-71.3000000000000	-32	0.0626338699167205
-71.3000000000000	-31.9000000000000	0.0121855709467277
-71.3000000000000	-31.8000000000000	0.0311008507522087
-71.3000000000000	-31.7000000000000	0.0390377390330929
-71.3000000000000	-31.6000000000000	0.0102243009897221
-71.3000000000000	-31.5000000000000	0.0475961246302180
-71.3000000000000	-31.4000000000000	0.0981140318614219
-71.3000000000000	-31.3000000000000	0.0999192742598871
-71.3000000000000	-31.2000000000000	0.0843635867862494
-71.3000000000000	-31.1000000000000	0.0782681337641729
-71.3000000000000	-31	0.128889672125703
-71.3000000000000	-30.9000000000000	0.161779388814978
-71.3000000000000	-30.8000000000000	0.151020533977375
-71.3000000000000	-30.7000000000000	0.122827760098739
-71.3000000000000	-30.6000000000000	0.104644801739568
-71.3000000000000	-30.5000000000000	0.0990316752666532
-71.3000000000000	-30.4000000000000	0.0899769347766845
-71.3000000000000	-30.3000000000000	0.0683726373638638
-71.3000000000000	-30.2000000000000	0.0565988239504064
-71.3000000000000	-30.1000000000000	0.0618269451192780
-71.3000000000000	-30	0.0449347654273954
-71.2000000000000	-32.7000000000000	0.0980821874687955
-71.2000000000000	-32.6000000000000	0.0873719133660280
-71.2000000000000	-32.5000000000000	0.0143673591875825
-71.2000000000000	-32.4000000000000	0.0621294075083813
-71.2000000000000	-32.3000000000000	0.0985630937810976
-71.2000000000000	-32.2000000000000	0.0999103441210675
-71.2000000000000	-32.1000000000000	0.0998698932625216
-71.2000000000000	-32	0.0701231582362097
-71.2000000000000	-31.9000000000000	0.0271539909308986
-71.2000000000000	-31.8000000000000	0.00184471580643984
-71.2000000000000	-31.7000000000000	0.00835702498672159
-71.2000000000000	-31.6000000000000	0.0394781387225279
-71.2000000000000	-31.5000000000000	0.0765904424497163
-71.2000000000000	-31.4000000000000	0.0936861496104362
-71.2000000000000	-31.3000000000000	0.0741282518702440
-71.2000000000000	-31.2000000000000	0.0342472115748709
-71.2000000000000	-31.1000000000000	0.0260827914262463
-71.2000000000000	-31	0.0848318590132185
-71.2000000000000	-30.9000000000000	0.120944281749244
-71.2000000000000	-30.8000000000000	0.125136762673440
-71.2000000000000	-30.7000000000000	0.113716654692172
-71.2000000000000	-30.6000000000000	0.103880804621711
-71.2000000000000	-30.5000000000000	0.0980425029175759
-71.2000000000000	-30.4000000000000	0.0878563584619768
-71.2000000000000	-30.3000000000000	0.0675703233501698
-71.2000000000000	-30.2000000000000	0.0440869466974193
-71.2000000000000	-30.1000000000000	0.0269984662858422
-71.2000000000000	-30	0.0144619898483804
-71.1000000000000	-32.7000000000000	0.0999355575679728
-71.1000000000000	-32.6000000000000	0.0999567809723267
-71.1000000000000	-32.5000000000000	0.0627076988338128
-71.1000000000000	-32.4000000000000	0.00773121237953793
-71.1000000000000	-32.3000000000000	0.0648900898839694
-71.1000000000000	-32.2000000000000	0.0876928061415256
-71.1000000000000	-32.1000000000000	0.0849600040733990
-71.1000000000000	-32	0.0558955468901316
-71.1000000000000	-31.9000000000000	0.0222221959396315
-71.1000000000000	-31.8000000000000	0.00949280628331875
-71.1000000000000	-31.7000000000000	0.0232833034285340
-71.1000000000000	-31.6000000000000	0.0486090139591328
-71.1000000000000	-31.5000000000000	0.0643377788253435
-71.1000000000000	-31.4000000000000	0.0545395486126836
-71.1000000000000	-31.3000000000000	0.0178211844517890
-71.1000000000000	-31.2000000000000	0.0290519014139497
-71.1000000000000	-31.1000000000000	0.0699827468028416
-71.1000000000000	-31	0.0937349425182495
-71.1000000000000	-30.9000000000000	0.0989510892956644
-71.1000000000000	-30.8000000000000	0.0875271445783693
-71.1000000000000	-30.7000000000000	0.0803309876329702
-71.1000000000000	-30.6000000000000	0.0867397812765474
-71.1000000000000	-30.5000000000000	0.0935127296445839
-71.1000000000000	-30.4000000000000	0.0877184596819921
-71.1000000000000	-30.3000000000000	0.0663399002895516
-71.1000000000000	-30.2000000000000	0.0444422087799783
-71.1000000000000	-30.1000000000000	0.0478294089187036
-71.1000000000000	-30	0.0460730181373047
-71	-32.7000000000000	0.0999493972956110
-71	-32.6000000000000	0.0999814611667499
-71	-32.5000000000000	0.0963814290043550
-71	-32.4000000000000	0.0537177893299516
-71	-32.3000000000000	0.000970699603648854
-71	-32.2000000000000	0.0317372828179569
-71	-32.1000000000000	0.0353765767089375
-71	-32	0.0153511025692071
-71	-31.9000000000000	0.00679341531667149
-71	-31.8000000000000	0.0112184963516053
-71	-31.7000000000000	0.00297469121528480
-71	-31.6000000000000	0.0195919922941983
-71	-31.5000000000000	0.0203035138850180
-71	-31.4000000000000	0.00271526659633348
-71	-31.3000000000000	0.0417096506027009
-71	-31.2000000000000	0.0778725028838656
-71	-31.1000000000000	0.0976584263531659
-71	-31	0.0999090937742015
-71	-30.9000000000000	0.0907471033863134
-71	-30.8000000000000	0.0588987804518432
-71	-30.7000000000000	0.0385229268435992
-71	-30.6000000000000	0.0631508962739726
-71	-30.5000000000000	0.0899346526192540
-71	-30.4000000000000	0.0988575973018567
-71	-30.3000000000000	0.0901530714396759
-71	-30.2000000000000	0.0837343246601050
-71	-30.1000000000000	0.0912416769738710
-71	-30	0.0822736780271293
-70.9000000000000	-32.7000000000000	0.110686045355059
-70.9000000000000	-32.6000000000000	0.112551755435566
-70.9000000000000	-32.5000000000000	0.103980929170907
-70.9000000000000	-32.4000000000000	0.0930487036947289
-70.9000000000000	-32.3000000000000	0.0657813967215551
-70.9000000000000	-32.2000000000000	0.0379057152203354
-70.9000000000000	-32.1000000000000	0.0273810738139555
-70.9000000000000	-32	0.0346414810954465
-70.9000000000000	-31.9000000000000	0.0446749462777598
-70.9000000000000	-31.8000000000000	0.0436011890340925
-70.9000000000000	-31.7000000000000	0.0319115856638337
-70.9000000000000	-31.6000000000000	0.0225785609344523
-70.9000000000000	-31.5000000000000	0.0286569887201893
-70.9000000000000	-31.4000000000000	0.0523229308420948
-70.9000000000000	-31.3000000000000	0.0818172509470684
-70.9000000000000	-31.2000000000000	0.0987056265707245
-70.9000000000000	-31.1000000000000	0.0999343806083808
-70.9000000000000	-31	0.0997247638260749
-70.9000000000000	-30.9000000000000	0.0839445656557685
-70.9000000000000	-30.8000000000000	0.0440099472787330
-70.9000000000000	-30.7000000000000	0.0104227956640845
-70.9000000000000	-30.6000000000000	0.0536105176039512
-70.9000000000000	-30.5000000000000	0.0908773810295523
-70.9000000000000	-30.4000000000000	0.110852764155638
-70.9000000000000	-30.3000000000000	0.111610758755545
-70.9000000000000	-30.2000000000000	0.105512799088218
-70.9000000000000	-30.1000000000000	0.100343291893193
-70.9000000000000	-30	0.0978314365376865
-70.8000000000000	-32.7000000000000	0.144194457198956
-70.8000000000000	-32.6000000000000	0.152951189541012
-70.8000000000000	-32.5000000000000	0.123682204016937
-70.8000000000000	-32.4000000000000	0.103092773342263
-70.8000000000000	-32.3000000000000	0.0990190588011868
-70.8000000000000	-32.2000000000000	0.0818324374712010
-70.8000000000000	-32.1000000000000	0.0681347560895039
-70.8000000000000	-32	0.0652653941622004
-70.8000000000000	-31.9000000000000	0.0660162701125025
-70.8000000000000	-31.8000000000000	0.0619269221158961
-70.8000000000000	-31.7000000000000	0.0533565470907599
-70.8000000000000	-31.6000000000000	0.0486222244738291
-70.8000000000000	-31.5000000000000	0.0556955557385006
-70.8000000000000	-31.4000000000000	0.0745334545851896
-70.8000000000000	-31.3000000000000	0.0950411653745708
-70.8000000000000	-31.2000000000000	0.0999182756941641
-70.8000000000000	-31.1000000000000	0.0998615080615749
-70.8000000000000	-31	0.0975093792197445
-70.8000000000000	-30.9000000000000	0.0754040584121565
-70.8000000000000	-30.8000000000000	0.0328369740069780
-70.8000000000000	-30.7000000000000	0.0158146923595871
-70.8000000000000	-30.6000000000000	0.0589598745662712
-70.8000000000000	-30.5000000000000	0.0935739567586164
-70.8000000000000	-30.4000000000000	0.113122220298391
-70.8000000000000	-30.3000000000000	0.113029979228761
-70.8000000000000	-30.2000000000000	0.104666397573135
-70.8000000000000	-30.1000000000000	0.100291041678408
-70.8000000000000	-30	0.0999004622149753
-70.7000000000000	-32.7000000000000	0.140021599463958
-70.7000000000000	-32.6000000000000	0.150684663379893
-70.7000000000000	-32.5000000000000	0.124148215983464
-70.7000000000000	-32.4000000000000	0.102156145474197
-70.7000000000000	-32.3000000000000	0.0890221909738488
-70.7000000000000	-32.2000000000000	0.0728884994486475
-70.7000000000000	-32.1000000000000	0.0597446645726520
-70.7000000000000	-32	0.0535294019688232
-70.7000000000000	-31.9000000000000	0.0507423999072034
-70.7000000000000	-31.8000000000000	0.0469736328198012
-70.7000000000000	-31.7000000000000	0.0421183743446794
-70.7000000000000	-31.6000000000000	0.0401439610843066
-70.7000000000000	-31.5000000000000	0.0452034643879530
-70.7000000000000	-31.4000000000000	0.0587206939267501
-70.7000000000000	-31.3000000000000	0.0822410482971226
-70.7000000000000	-31.2000000000000	0.0921678375757527
-70.7000000000000	-31.1000000000000	0.0922136266918378
-70.7000000000000	-31	0.0835879819984964
-70.7000000000000	-30.9000000000000	0.0594751221089890
-70.7000000000000	-30.8000000000000	0.0214375582119383
-70.7000000000000	-30.7000000000000	0.0212261657890887
-70.7000000000000	-30.6000000000000	0.0595293339015146
-70.7000000000000	-30.5000000000000	0.0891093664766507
-70.7000000000000	-30.4000000000000	0.105094904071545
-70.7000000000000	-30.3000000000000	0.105904052975512
-70.7000000000000	-30.2000000000000	0.102741257576682
-70.7000000000000	-30.1000000000000	0.100421278986351
-70.7000000000000	-30	0.0999557700879653
-70.6000000000000	-31.3000000000000	0.0402081064585758
-70.6000000000000	-31.2000000000000	0.0543431132771273
-70.6000000000000	-31.1000000000000	0.0557959172754101
-70.6000000000000	-31	0.0488151511739706
-70.6000000000000	-30.9000000000000	0.0328295470499413
-70.6000000000000	-30.8000000000000	0.00956986263235859
-70.6000000000000	-30.7000000000000	0.0166033986167820
-70.6000000000000	-30.6000000000000	0.0416632359466455
-70.6000000000000	-30.5000000000000	0.0633496730189600
-70.6000000000000	-30.4000000000000	0.0803261538515277
-70.6000000000000	-30.3000000000000	0.0920206086517640
-70.6000000000000	-30.2000000000000	0.0997988909255877
-70.6000000000000	-30.1000000000000	0.100347978842950
-70.6000000000000	-30	0.0883415696982641
